data/UVLF/models/binned/liu2016.ecsv
# %ECSV 1.0
# ---
# datatype:
# - {name: redshift, datatype: float64, description: redshift}
# - {name: M, datatype: float64, description: absolute magnitude}
# - {name: log10phi, datatype: float64, description: log10(phi/Mpc^-3/mag)}
# meta: !!omap
# - {name: liu2016}
# - redshifts: [5, 6, 7, 8, 9, 10]
# - {type: binned}
# schema: astropy-2.0
redshift M log10phi
5.0 -22.91470558057271 -5.2355056179775294
5.0 -22.76888759867682 -5.038498911933207
5.0 -22.6024309647379 -4.896668295065951
5.0 -22.498152531032293 -4.702823644357598
5.0 -22.342005742928958 -4.529301416707377
5.0 -22.175508397542245 -4.369848558866635
5.0 -22.050478288278267 -4.182256961406938
5.0 -21.92547526525979 -4.006389838788472
5.0 -21.758921941632366 -3.822706399609185
5.0 -21.54060187806763 -3.703329928498469
5.0 -21.343093900596703 -3.603849535906205
5.0 -21.145485786096927 -3.4610241151130268
5.0 -20.916739980397647 -3.323172713949461
5.0 -20.688027006511106 -3.1995327974419334
5.0 -20.45938790420322 -3.1078687214104908
5.0 -20.23076029302979 -3.0211786650086605
5.0 -20.00207686777471 -2.910329084691567
5.0 -19.773395084110266 -2.800190078607275
5.0 -19.544805229521486 -2.7298432295598887
5.0 -19.31619075107315 -2.648837767020474
5.0 -19.087535232858897 -2.5500679486610123
5.0 -18.858973285310945 -2.491800861571258
5.0 -18.6304162625349 -2.4356654971799094
5.0 -18.413411477868188 -2.3862411116539115
5.0 -18.17094142724808 -2.3002616294848837
5.0 -18.038147597466146 -2.247718612603811
5.0 -17.700440802849215 -2.1363361016121156
5.0 -17.495203806262403 -2.062081094284319
5.0 -17.26913598208868 -1.9598176192802481
5.0 -16.90800334708605 -1.8207523204689795
5.0 -16.683721961123 -1.7426977148130063
5.0 -16.510524883069646 -1.6794723986321451
5.0 -16.12608438332842 -1.5637909135319985
5.0 -15.762316106158734 -1.4074645823155842
5.0 -15.147140521184507 -1.1917342452369324
5.0 -14.760104958484774 -1.0513879389893073
5.0 -14.58801901841381 -0.9697508549096241
5.0 -14.294897086777558 -0.8314020517830976
5.0 -14.053813250010881 -0.7462042012701517
5.0 -13.933272234502395 -0.7039960918417199
5.0 -13.552251022138526 -0.5702502306898987
5.0 -13.330642670129249 -0.5256419594084473
5.0 -13.10212012075658 -0.4844286539059379
5.0 -12.873635327968556 -0.4595585557578721
5.0 -12.64515217677117 -0.4353990318426081
5.0 -12.41666574239251 -0.40981835946174017
5.0 -12.188192440738943 -0.3899222809432874
5.0 -11.959710931132193 -0.36647333126082526
5.0 -11.731203156075255 -0.33165519385353304
5.0 -11.502701947380862 -0.29967935337744833
5.0 -11.27422700413666 -0.2790727006261937
5.0 -11.027955107772621 -0.25958266452648493
5.0 -10.827689727057708 -0.2506497313141184
5.0 -10.547276497654648 -0.22009503930363744
5.0 -10.381120603120399 -0.20844162188568655
5.0 -9.965785695912041 -0.2030412577163922
5.0 -9.737378057883951 -0.21156814851001482
5.0 -9.508978627809043 -0.22364791046764682
5.0 -9.280589047277957 -0.23999111782209015
5.0 -9.052227373787694 -0.26841408713416537
5.0 -8.823882116203803 -0.30394279877425956
5.0 -8.595558199298189 -0.3487089754407783
5.0 -8.367260547842765 -0.4048443398321271
5.0 -8.138964537977976 -0.46169027845627764
5.0 -7.910676736066375 -0.5220890882444378
5.0 -7.682408633242417 -0.5910147888262204
5.0 -7.454138888827817 -0.6592299151752011
5.0 -7.22586914441322 -0.727445041524182
5.0 -7.059855739946244 -0.7774694675134346
6.0 -22.520130803114508 -5.227511657858508
6.0 -22.364127982510023 -5.116306790425013
6.0 -22.290998129221812 -4.922201595831298
6.0 -22.217875799890688 -4.731353199804593
6.0 -22.08242601325757 -4.527911849318787
6.0 -21.91592413916526 -4.3664987089119975
6.0 -21.759809016172746 -4.206682950659503
6.0 -21.57250175979982 -4.02827552515877
6.0 -21.354166429442163 -3.902290713682995
6.0 -21.135748691234536 -3.7406350757205677
6.0 -20.917307970757992 -3.569031398498913
6.0 -20.688601563234 -3.4482337789225923
6.0 -20.45985411594408 -3.3096718035262254
6.0 -20.23112965092308 -3.1810578673890846
6.0 -20.002423243399083 -3.060260247812764
6.0 -19.75817158814074 -2.952164142647778
6.0 -19.545090866292295 -2.8534831460674166
6.0 -19.31646325511887 -2.766793089665587
6.0 -19.087789679407607 -2.660206954745304
6.0 -18.859185050503097 -2.5834649376027006
6.0 -18.630628027727052 -2.5273295732113517
6.0 -18.413576001729794 -2.4574564403191665
6.0 -18.18037345985046 -2.3879780708896496
6.0 -18.007188018850737 -2.3297899364924284
6.0 -17.682385563031144 -2.186165119687348
6.0 -17.44591012261949 -2.073272638450949
6.0 -17.17565341448654 -1.944658702313808
6.0 -16.967814542340083 -1.8677587797861377
6.0 -16.67686061385816 -1.7689692232535421
6.0 -16.469026347285435 -1.6940628562123436
6.0 -16.250809772330435 -1.619482169027846
6.0 -15.983215724210426 -1.519824132877382
6.0 -15.737418429287969 -1.416844162188569
6.0 -15.457561735590591 -1.327564457471639
6.0 -15.26875279770283 -1.2482071323888622
6.0 -15.034869839304399 -1.133893502686859
6.0 -14.81806629358588 -1.0417391304347832
6.0 -14.623830104749604 -0.9652173913043482
6.0 -14.4736608898799 -0.9072203224230584
6.0 -14.318558186253409 -0.8260869565217392
6.0 -14.12427378390013 -0.7286956521739132
6.0 -13.933162247929726 -0.6563876182439936
6.0 -13.704577318112856 -0.588172491895013
6.0 -13.47600552102108 -0.5256419594084473
6.0 -13.273417436125634 -0.47439179286761135
6.0 -13.12277953892116 -0.4382413287738155
6.0 -12.94992107906443 -0.4017391304347828
6.0 -12.709560625627779 -0.3600000000000001
6.0 -12.487682020375951 -0.3182608695652175
6.0 -12.254845945366396 -0.27757259946805635
6.0 -12.042507838082294 -0.2506497313141184
6.0 -11.806234518517801 -0.22524670249145107
6.0 -11.548115239076422 -0.18186614557889613
6.0 -11.33623809044314 -0.15472220988586416
6.0 -11.107782846286582 -0.1426424479282321
6.0 -10.879358792352122 -0.14406359639383592
6.0 -10.650962645458486 -0.15756450681707174
6.0 -10.422587839243132 -0.18030288226673197
6.0 -10.194216316209049 -0.20446240618199601
6.0 -9.965846434765604 -0.2293325043300618
6.0 -9.737522517859993 -0.2740986809965805
6.0 -9.509193676182468 -0.31673313496469346
6.0 -9.280868117686218 -0.36078873739841033
6.0 -9.052558975096336 -0.41195008216014595
6.0 -8.824276097956643 -0.47448061464671165
6.0 -8.596001428770133 -0.5405640182972867
6.0 -8.367734967536812 -0.6102002931118713
6.0 -8.139471789484759 -0.6812577163920596
6.0 -7.911215177795256 -0.7551574366034552
6.0 -7.682960207696393 -0.8297677310476532
6.0 -7.454705237597523 -0.9043780254918508
6.0 -7.226445342726748 -0.9768565972376431
6.0 -7.070822960752352 -1.0303273082559847
7.0 -22.04139700887529 -4.745742328018832
7.0 -21.864774989076828 -4.698133854421105
7.0 -21.81241727651026 -4.596521739130436
7.0 -21.66417678289568 -4.429565217391305
7.0 -21.510977459836848 -4.363334961732617
7.0 -21.31640982134364 -4.25249214878917
7.0 -21.21996957956665 -4.151304347826088
7.0 -21.127238915195868 -4.012173913043479
7.0 -21.001153854125032 -3.9072647333126094
7.0 -20.886589180657197 -3.845217391304349
7.0 -20.75461039176707 -3.7702254169865324
7.0 -20.561662740056775 -3.718550879723328
7.0 -20.405578992681875 -3.636521739130435
7.0 -20.297273754341724 -3.5616042059227215
7.0 -19.994268524654125 -3.3827594389001336
7.0 -19.80680619594283 -3.2799066384410795
7.0 -19.662707663633974 -3.2029562425849685
7.0 -19.508678926775595 -3.0723400097703966
7.0 -19.1286600660066 -2.9130434782608696
7.0 -18.876989727350306 -2.79970978306103
7.0 -18.71404873911915 -2.6815241817293605
7.0 -18.423147934334224 -2.6057295968971594
7.0 -18.18512153824078 -2.495652173913044
7.0 -18.03448363872124 -2.390356368920121
7.0 -17.695565780254952 -2.273338761330946
7.0 -17.42528452122203 -2.13409779277879
7.0 -17.207487636731717 -1.976807707939063
7.0 -16.96396957956665 -1.9113043478260874
7.0 -16.741839769809907 -1.8057733733454309
7.0 -16.51068608727018 -1.7492507882932902
7.0 -16.28491836775275 -1.7019833903273087
7.0 -16.01185429886418 -1.5566851712039798
7.0 -15.783185506565637 -1.452169570645389
7.0 -15.614229733281094 -1.3521641426477777
7.0 -15.373019945472809 -1.2573913043478264
7.0 -15.180241554785667 -1.1377306035439894
7.0 -14.951583738344523 -1.0379659812586048
7.0 -14.722855990142248 -0.9079308966558604
7.0 -14.494144657846341 -0.7850015543811346
7.0 -14.265462874181896 -0.6748625482968426
7.0 -14.036822130283374 -0.5824878980325978
7.0 -13.808212576606952 -0.5036141581915887
7.0 -13.579634213152628 -0.4382413287738155
7.0 -13.351091964692316 -0.3885011324776838
7.0 -13.12257269850092 -0.3487089754407783
7.0 -12.89406984821589 -0.3160225607318916
7.0 -12.665580130655956 -0.2890207398854201
7.0 -12.437093696277298 -0.2634400675045523
7.0 -12.208605620308 -0.23714882089088252
7.0 -11.980130677063798 -0.21654216813962796
7.0 -11.751665583363415 -0.20019896078518468
7.0 -11.523220188750676 -0.19238264422436396
7.0 -11.29478956845367 -0.1909614957587602
7.0 -11.066378647244303 -0.19806723808677906
7.0 -10.837997274666401 -0.21796331660523177
7.0 -10.609633959585503 -0.2456757116845052
7.0 -10.381283777229699 -0.2790727006261937
7.0 -10.15295329396154 -0.3209965803615048
7.0 -9.924634301827837 -0.3678944797264291
7.0 -9.696325159237956 -0.4190558244881647
7.0 -9.468034074145079 -0.478033485810721
7.0 -9.23975940495857 -0.5441168894612961
7.0 -9.01149622690652 -0.6151743127414845
7.0 -8.783237973626381 -0.6883634587200784
7.0 -8.554987928299422 -0.7651054758626818
7.0 -8.326746090925653 -0.8454003641692946
7.0 -8.098507536733155 -0.9271164009415112
7.0 -7.870278832084477 -1.013095883110539
7.0 -7.6420386363013435 -1.0941013456499538
7.0 -7.413818139605848 -1.183633698982991
7.0 -7.185591076547809 -1.2703237553848208
7.0 -7.040352439347497 -1.3240905390001634
8.0 -22.541190769394476 -5.354704445530045
8.0 -22.36480814823055 -5.410721380882594
8.0 -22.184952468475963 -5.59772083314829
8.0 -22.063479686122008 -5.315622862725942
8.0 -22.02140120372565 -5.079179286761115
8.0 -21.875698133174332 -4.931912777012925
8.0 -21.64712469449192 -4.8686716702935575
8.0 -21.45006425566836 -4.962911577918907
8.0 -21.31462083931891 -4.7622276502198355
8.0 -21.210360463110305 -4.576199316072302
8.0 -21.1060928639029 -4.387044455300441
8.0 -20.98102044850308 -4.181140344755392
8.0 -20.83528612910143 -4.020347546932795
8.0 -20.6480788983637 -3.8852369320957507
8.0 -20.41953664990339 -3.8354967357996186
8.0 -20.190977985536705 -3.7786507971754686
8.0 -19.962217405521695 -3.6344042279166864
8.0 -19.73350443163515 -3.510764311409158
8.0 -19.504822647970705 -3.4006253053248665
8.0 -19.286478617182674 -3.2708744504152425
8.0 -19.06808895017494 -3.1213696318337263
8.0 -18.83941537446368 -3.0147834969134437
8.0 -18.610727024436688 -2.9018021938979444
8.0 -18.382069864631795 -2.8023218013056805
8.0 -18.153419271189453 -2.7056837056446246
8.0 -17.92468167344336 -2.571385175645069
8.0 -17.69598183228191 -2.4534298529999563
8.0 -17.46730333179874 -2.3447119953812683
8.0 -17.238575583596464 -2.214676910778523
8.0 -17.01764395452735 -2.088461162677089
8.0 -16.781154560595287 -1.969528800461874
8.0 -16.666707786166988 -1.8686272594040063
8.0 -16.46134496586707 -1.8263389826262322
8.0 -16.240695864017276 -1.7359867359476548
8.0 -16.012058403300024 -1.645033234149014
8.0 -15.783399054707619 -1.5446054092463475
8.0 -15.554685807222636 -1.4208470637000195
8.0 -15.32597967329708 -1.3001678731625
8.0 -15.097273265773083 -1.1793702535861796
8.0 -14.86856521665845 -1.0578620597770578
8.0 -14.639862092315727 -0.9384855886663412
8.0 -14.411179214257526 -0.8278728664268484
8.0 -14.182523148846395 -0.7288661899897857
8.0 -13.953893896082329 -0.6414655593551541
8.0 -13.725290087973134 -0.5650788293289517
8.0 -13.496726225236102 -0.505982738967595
8.0 -13.268173580035091 -0.45174223919705137
8.0 -13.039651030662421 -0.41052893369454213
8.0 -12.811141614014845 -0.37500022205444794
8.0 -12.582635480548543 -0.34089265887995757
8.0 -12.354137555035424 -0.31033796686947657
8.0 -12.12564783747549 -0.28333614602300505
8.0 -11.897167969459376 -0.26059777057334466
8.0 -11.668704517349633 -0.24496513745170323
8.0 -11.440273897052625 -0.24354398898609952
8.0 -11.211872825387081 -0.2549131767109297
8.0 -10.983476678493446 -0.26841408713416537
8.0 -10.755124854547006 -0.30110050184305204
8.0 -10.52679765446012 -0.34444553004396694
8.0 -10.291538564310752 -0.3835271128480705
8.0 -10.070205634730545 -0.45813740729226826
8.0 -9.841935890315948 -0.526352533641249
8.0 -9.613684203398355 -0.6023839765510506
8.0 -9.385439082843309 -0.6812577163920596
8.0 -9.157200528650813 -0.762973753164276
8.0 -8.928966899230225 -0.8468215126348984
8.0 -8.700743119353458 -0.9349327175023319
8.0 -8.472522622657966 -1.024465070835369
8.0 -8.244307050734381 -1.116129146866812
8.0 -8.016088195629528 -1.2063720744326514
8.0 -7.787880831659127 -1.3015890216281036
8.0 -7.559675109279368 -1.3975165430563576
8.0 -7.331467745308974 -1.4927334902518101
8.0 -7.113630966027721 -1.5825500732779683
9.0 -22.095405340827195 -5.651724474841232
9.0 -21.856354176306738 -5.547506920696955
9.0 -21.793538163391325 -5.323439179286762
9.0 -21.647802671424934 -5.162138828440735
9.0 -21.419135662076222 -5.05839499045166
9.0 -21.24251364227776 -5.010786516853933
9.0 -21.0862801781888 -4.799745969711775
9.0 -20.94056701185507 -4.6481094284318525
9.0 -20.825945243864883 -4.471460674157305
9.0 -20.690586246313934 -4.307318026380069
9.0 -20.53441824065162 -4.124611626770885
9.0 -20.336890769291877 -4.016693165164099
9.0 -20.118847970385705 -4.01733268197362
9.0 -19.84055846678952 -4.007171470444554
9.0 -19.651207037264548 -3.8428054993370093
9.0 -19.495044513342393 -3.66247191011236
9.0 -19.29745691872558 -3.5285286672292053
9.0 -19.068748869610946 -3.4070204734200833
9.0 -18.84004738685886 -3.2883545765421687
9.0 -18.61140007659779 -3.1931376293467166
9.0 -18.382677253167426 -3.0652342674423774
9.0 -18.153928164286874 -2.9259617178132085
9.0 -17.925206982447143 -2.7987689301416716
9.0 -17.696530123554613 -2.690761646755785
9.0 -17.4678007337617 -2.5600159879202384
9.0 -17.23901224670586 -2.403689656703824
9.0 -17.010268082597218 -2.266548829773061
9.0 -16.781500936219658 -2.119459963583071
9.0 -16.552773188017383 -1.9894248789803264
9.0 -16.324083196399755 -1.8757330017320255
9.0 -16.095421111822954 -1.7741208864413562
9.0 -15.97749525963832 -1.6654030288226678
9.0 -15.783555005818117 -1.6121099613625265
9.0 -15.614543708010272 -1.4880703468490477
9.0 -15.40926413266632 -1.3953848203579522
9.0 -15.180539667645316 -1.2667708842208114
9.0 -14.951811919443044 -1.1367357996180667
9.0 -14.723092379193952 -1.0102535861793316
9.0 -14.494397462804413 -0.8944299862326246
9.0 -14.265746869362069 -0.7977918905715684
9.0 -14.037132390913735 -0.7167864280321538
9.0 -13.80855074427814 -0.6499924501487767
9.0 -13.579993721502095 -0.5938570857574279
9.0 -13.351466247357514 -0.550512057556513
9.0 -13.122958472300576 -0.5156939201492208
9.0 -12.894468754740641 -0.48869209930274926
9.0 -12.665992169905802 -0.4673748723186928
9.0 -12.437518868252237 -0.44747879380024
9.0 -12.20905705773313 -0.43255673491140045
9.0 -11.980593605623385 -0.416924101789759
9.0 -11.752151494191919 -0.41052893369454213
9.0 -11.523709382760453 -0.40413376559932523
9.0 -11.295306669504273 -0.41479237909135336
9.0 -11.066928580107644 -0.43610960607540994
9.0 -10.838566906617382 -0.46453257538748516
9.0 -10.610246272893043 -0.5107199005196076
9.0 -10.381948621437619 -0.5668552649109564
9.0 -10.15367395225111 -0.6329386685615315
9.0 -9.925423906924156 -0.709680685704135
9.0 -9.697191919094205 -0.7942390194075588
9.0 -9.468964856036164 -0.8809290758093886
9.0 -9.240755850475129 -0.9754354487720391
9.0 -9.012546844914095 -1.0699418217346897
9.0 -8.784342764124972 -1.1665799173957458
9.0 -8.556140324926481 -1.2639285872896038
9.0 -8.327949376862453 -1.3662512768130748
9.0 -8.0997617119797 -1.46999511480215
9.0 -7.871572405506303 -1.573028378558423
9.0 -7.643386382214185 -1.6774827907802996
9.0 -7.415192150968881 -1.7783843318381671
9.0 -7.187015977220582 -1.8871021894568556
9.0 -7.041821115770588 -1.9598176192802481
10.0 -21.9188933076014 -5.651724474841232
10.0 -21.690465970485665 -5.651724474841232
10.0 -21.462038633369932 -5.651724474841232
10.0 -21.264665676728885 -5.610688812896924
10.0 -21.066863444136303 -5.383837989074922
10.0 -20.838972907158816 -5.616195763201138
10.0 -20.682916324460976 -5.481719589643382
10.0 -20.609824090958192 -5.30389838788471
10.0 -20.567890068537874 -5.12998534440645
10.0 -20.52588833050379 -4.926761113825111
10.0 -20.46305576488279 -4.695528415567498
10.0 -20.379509745405414 -4.487093307278946
10.0 -20.254593140408325 -4.348632842487265
10.0 -20.108817546727803 -4.169974178239934
10.0 -19.921597886803823 -4.029483501354533
10.0 -19.693011315396316 -3.96055780077275
10.0 -19.4646381507716 -3.9840067504552126
10.0 -19.235939951200784 -3.8667620020429014
10.0 -19.03833429908697 -3.7250024425989254
10.0 -18.840723722201236 -3.5811111604565444
10.0 -18.61200746513342 -3.456050095483413
10.0 -18.38324031875586 -3.3089612292934234
10.0 -18.154481380331486 -3.165425234267443
10.0 -17.925743782585393 -3.0311267042678876
10.0 -17.696968428254646 -2.8804849669138877
10.0 -17.468211131420908 -2.7376595461207094
10.0 -17.239452192996534 -2.594123551094729
10.0 -17.01070310411598 -2.45485100146556
10.0 -16.7819261081946 -2.303498689878759
10.0 -16.553193435220415 -2.1713318825776087
10.0 -16.324493594058964 -2.053376559932496
10.0 -16.095790469716242 -1.9340000888217799
10.0 -15.867059438332694 -1.8025438557534312
10.0 -15.638334973311693 -1.6739299196162905
10.0 -15.409603941928143 -1.542473686547942
10.0 -15.180884401679052 -1.4159914731092067
10.0 -14.95217635256442 -1.2944832793000847
10.0 -14.723484719356156 -1.1800808278189816
10.0 -14.494814426826169 -1.074915841364303
10.0 -14.266158908611915 -0.9761460230048411
10.0 -14.037536222210397 -0.891587689301417
10.0 -13.808944726030981 -0.8205302660212286
10.0 -13.580374570529841 -0.7587103077674648
10.0 -13.35184217161335 -0.7132335568681444
10.0 -13.123336038147048 -0.6791259936936539
10.0 -12.894836471043293 -0.647860727450371
10.0 -12.666353319845905 -0.623701203535107
10.0 -12.43787509342043 -0.6016734023182486
10.0 -12.209405074948139 -0.5831984722653997
10.0 -11.980939981247758 -0.5668552649109564
10.0 -11.752486378681834 -0.5554860771861263
10.0 -11.5240590415661 -0.5554860771861263
10.0 -11.295638270812914 -0.5583283741173337
10.0 -11.067255256644374 -0.5775138784029846
10.0 -10.838896866335388 -0.6073579961806638
10.0 -10.610576232611047 -0.6535453213127862
10.0 -10.38229499706199 -0.7167864280321538
10.0 -10.154040026963123 -0.7913967224763516
10.0 -9.925808039133175 -0.8759550561797755
10.0 -9.697590825618956 -0.9669085579784165
10.0 -9.469394952783015 -1.0670995248034822
10.0 -9.241200721537712 -1.1680010658613496
10.0 -9.013014698245593 -1.2724554780832262
10.0 -8.784838524497296 -1.3811733357019145
10.0 -8.556678766655363 -1.4969969356486215
10.0 -8.328520650404073 -1.6135311098281304
10.0 -8.100336268702591 -1.718696096282809
10.0 -7.8721600949542925 -1.8274139539014973
10.0 -7.644005261884274 -1.9453692765466095
10.0 -7.4158487872236165 -2.06261402495892
10.0 -7.187684104609776 -2.176305902207222
10.0 -7.042453128165771 -2.233388698908973
