flare_data/data/DistributionFunctions/UVLF/models/binned/ocvirk2016.ecsv
# %ECSV 1.0
# ---
# datatype:
# - {name: redshift, datatype: float64, description: redshift}
# - {name: M, datatype: float64, description: absolute magnitude}
# - {name: log10phi, datatype: float64, description: log10(phi/Mpc^-3/mag)}
# meta: !!omap
# - {name: ocvirk2016}
# - redshifts: [6, 7, 8, 10]
# - {type: binned}
# schema: astropy-2.0
redshift M log10phi
6.0 -22.552122769847 -4.753180288499
6.0 -22.387835318908 -4.534836541618
6.0 -22.218071619603 -4.309521581708
6.0 -22.048307920299 -4.170335314196
6.0 -21.878544220995 -4.079174060474
6.0 -21.708780521691 -3.98441812009
6.0 -21.539016822387 -3.873989345866
6.0 -21.369253123082 -3.760541034845
6.0 -21.199489423778 -3.664059644865
6.0 -21.029725724474 -3.593217238918
6.0 -20.85996202517 -3.53062487601
6.0 -20.690198325866 -3.477567300894
6.0 -20.520434626562 -3.435048161505
6.0 -20.350670927257 -3.381373485847
6.0 -20.180907227953 -3.31623776355
6.0 -20.011143528649 -3.22745771413
6.0 -19.841379829345 -3.181940269896
6.0 -19.671616130041 -3.112490923606
6.0 -19.507798071818 -3.109926103325
6.0 -19.332088731432 -2.988114765137
6.0 -19.162325032128 -2.93793293935
6.0 -18.992561332824 -2.890483075425
6.0 -18.82279763352 -2.825618951676
6.0 -18.653033934216 -2.806338650065
6.0 -18.483270234911 -2.757335881503
6.0 -18.313506535607 -2.703415581588
6.0 -18.143742836303 -2.644318932882
6.0 -17.973979136999 -2.598397972856
6.0 -17.804215437695 -2.55919675275
6.0 -17.63445173839 -2.516923237617
6.0 -17.464688039086 -2.468724081228
6.0 -17.294924339782 -2.426912283626
6.0 -17.125160640478 -2.377593182638
6.0 -16.955396941174 -2.322953945391
6.0 -16.78563324187 -2.26730819588
6.0 -16.615869542565 -2.216119857827
6.0 -16.446105843261 -2.16593803204
6.0 -16.276342143957 -2.115756206253
6.0 -16.106578444653 -2.070175579392
6.0 -15.936814745349 -2.022150565602
6.0 -15.767051046044 -1.977145088606
6.0 -15.59728734674 -1.934727786007
6.0 -15.427523647436 -1.893604570605
6.0 -15.257759948132 -1.855357104533
6.0 -15.087996248828 -1.817541000859
7.0 -22.160571011775 -4.533877740648
7.0 -22.064736665393 -4.499836057969
7.0 -21.894972966089 -4.43196837381
7.0 -21.725209266785 -4.365064304284
7.0 -21.555445567481 -4.196156928851
7.0 -21.385681868176 -4.015416083537
7.0 -21.215918168872 -3.870190742434
7.0 -21.046154469568 -3.806636682268
7.0 -20.876390770264 -3.737920256869
7.0 -20.70662707096 -3.700233957103
7.0 -20.536863371655 -3.669894801685
7.0 -20.367099672351 -3.628052648951
7.0 -20.197335973047 -3.525819760313
7.0 -20.027572273743 -3.479592089853
7.0 -19.857808574439 -3.393679078656
7.0 -19.688044875135 -3.28267036165
7.0 -19.51828117583 -3.221939328742
7.0 -19.348517476526 -3.151972347573
7.0 -19.178753777222 -3.08147453834
7.0 -19.008990077918 -3.030328150966
7.0 -18.839226378614 -2.985610248903
7.0 -18.66946267931 -2.899996150573
7.0 -18.499698980005 -2.890279158654
7.0 -18.329935280701 -2.828594335552
7.0 -18.160171581397 -2.767340874849
7.0 -17.990407882093 -2.707312887363
7.0 -17.820644182789 -2.655618013426
7.0 -17.650880483484 -2.60299180071
7.0 -17.48111678418 -2.558417686114
7.0 -17.311353084876 -2.517179440739
7.0 -17.141589385572 -2.469269456922
7.0 -16.971825686268 -2.418656268735
7.0 -16.802061986964 -2.366317630952
7.0 -16.632298287659 -2.320593216624
7.0 -16.462534588355 -2.276162889495
7.0 -16.292770889051 -2.233745586895
7.0 -16.123007189747 -2.187589810168
7.0 -15.953243490443 -2.14430978277
7.0 -15.783479791138 -2.098872943376
7.0 -15.613716091834 -2.051279291984
7.0 -15.44395239253 -2.006848964855
7.0 -15.274188693226 -1.954366539605
7.0 -15.104424993922 -1.929778882844
8.0 -22.160571011775 -4.837245112397
8.0 -22.070212913758 -4.837245112397
8.0 -21.900449214454 -4.837245112397
8.0 -21.730685515149 -4.830774676407
8.0 -21.560921815845 -4.738894485352
8.0 -21.391158116541 -4.626884048997
8.0 -21.221394417237 -4.496267514484
8.0 -21.051630717933 -4.317022058821
8.0 -20.881867018629 -4.141943990391
8.0 -20.712103319324 -4.022257752622
8.0 -20.54233962002 -3.954821430862
8.0 -20.372575920716 -3.8891105587
8.0 -20.202812221412 -3.807726852695
8.0 -20.033048522108 -3.725552315626
8.0 -19.863284822803 -3.640417870844
8.0 -19.693521123499 -3.564007097082
8.0 -19.523757424195 -3.485499140406
8.0 -19.353993724891 -3.393151063274
8.0 -19.184230025587 -3.300876033499
8.0 -19.014466326283 -3.198932543736
8.0 -18.844702626978 -3.178697769159
8.0 -18.674938927674 -3.143133473402
8.0 -18.50517522837 -3.106710431367
8.0 -18.335411529066 -3.010425351293
8.0 -18.165647829762 -2.918976522638
8.0 -17.995884130457 -2.854991100073
8.0 -17.826120431153 -2.809266685745
8.0 -17.656356731849 -2.759545146804
8.0 -17.486593032545 -2.71336044563
8.0 -17.316829333241 -2.665479219306
8.0 -17.147065633937 -2.618316930315
8.0 -16.977301934632 -2.572448728521
8.0 -16.807538235328 -2.530031425921
8.0 -16.637774536024 -2.488045485721
8.0 -16.46801083672 -2.441889708994
8.0 -16.298247137416 -2.39803453173
8.0 -16.128483438111 -2.341669844886
8.0 -15.958719738807 -2.285448945509
8.0 -15.788956039503 -2.232966520259
8.0 -15.619192340199 -2.18206575714
8.0 -15.449428640895 -2.131021206554
8.0 -15.279664941591 -2.090760715951
8.0 -15.109901242286 -2.054526274408
10.0 -21.270680652519 -4.843080269216
10.0 -21.183060678684 -4.797355854889
10.0 -21.01329697938 -4.708926563029
10.0 -20.843533280076 -4.620353483703
10.0 -20.673769580772 -4.529336017447
10.0 -20.504005881468 -4.440187788255
10.0 -20.334242182163 -4.35075198413
10.0 -20.164478482859 -4.266923891196
10.0 -19.994714783555 -4.182664435863
10.0 -19.824951084251 -4.084658898739
10.0 -19.655187384947 -3.971210587719
10.0 -19.485423685643 -3.861443235839
10.0 -19.315659986338 -3.792856614348
10.0 -19.145896287034 -3.738361164568
10.0 -18.97613258773 -3.678258003596
10.0 -18.806368888426 -3.605357758112
10.0 -18.636605189122 -3.530588275564
10.0 -18.466841489817 -3.453805768486
10.0 -18.297077790513 -3.38159570284
10.0 -18.127314091209 -3.306567402852
10.0 -17.957550391905 -3.247039391747
10.0 -17.787786692601 -3.191968792101
10.0 -17.618022993297 -3.132440780995
10.0 -17.448259293992 -3.061265985108
10.0 -17.278495594688 -2.989084676956
10.0 -17.108731895384 -2.928550153585
10.0 -16.93896819608 -2.876930453134
10.0 -16.769204496776 -2.826029690014
10.0 -16.599440797471 -2.774697564496
10.0 -16.429677098167 -2.723077864044
10.0 -16.259913398863 -2.676059362519
10.0 -16.090149699559 -2.637092959114
10.0 -15.920386000255 -2.599852005306
10.0 -15.750622300951 -2.54880745472
10.0 -15.580858601646 -2.49028595588
10.0 -15.411094902342 -2.435646718633
10.0 -15.241331203038 -2.389778516839
10.0 -15.071567503734 -2.340982279365
